,Component name,Component version name,Match type,License names,License families,Review Status,Component id,Version id,License ids
0,AOP Alliance (Java/J2EE AOP standard),1.0,Transitive Dependency,Public Domain,PERMISSIVE,NOT_REVIEWED,7c4149c8-ba40-4104-8dca-c0052ef3eafb,528a36b9-d858-44af-a316-a9af3b67c8bd,d26bcb7d-5bc8-4f05-8942-a3a42728a2e4
1,ASM,3.2,Transitive Dependency,"BSD 3-clause ""New"" or ""Revised"" License",PERMISSIVE,NOT_REVIEWED,a5ce5718-168c-4a89-976c-245a004c4397,4913d85b-63cc-4de6-9df8-7b3102b88a46,3d238144-44e6-450e-b523-3defbdaed9dc
2,ASM,9.3,Transitive Dependency,"BSD 3-clause ""New"" or ""Revised"" License",PERMISSIVE,NOT_REVIEWED,a5ce5718-168c-4a89-976c-245a004c4397,4644234b-d18e-43f5-8179-9dbf3ca1f47e,3d238144-44e6-450e-b523-3defbdaed9dc
3,ASM based accessors helper used by json-smart,2.5.0,Transitive Dependency,Apache License 2.0,PERMISSIVE,NOT_REVIEWED,2adb126c-35e3-42d9-9e6e-ec0ab2fb0285,c63ca05a-6bc3-4546-9614-5b0357d6caa6,7cae335f-1193-421e-92f1-8802b4243e93
4,AWS Java SDK :: Bill of Materials,2.20.26,Direct Dependency,Apache License 2.0,PERMISSIVE,NOT_REVIEWED,ad1244a9-7444-472f-a19b-ef728c10aa74,e39d34c8-ff1f-4c87-97b6-c5db2edc3049,7cae335f-1193-421e-92f1-8802b4243e93
5,Animal Sniffer Annotations,1.10,Transitive Dependency,MIT License,PERMISSIVE,NOT_REVIEWED,07731f32-a0f0-4485-8d90-1f0bbdc8185d,37f655cf-193f-4112-8485-299dab1c3acd,ad705c59-6893-4980-bdbf-0837f1823cc4
6,Annotations for SCR,1.12.0,Transitive Dependency,Apache License 2.0,PERMISSIVE,NOT_REVIEWED,3539ce52-e5c9-4f11-a720-ee23739ac3ad,3c6b6630-ba61-4ce2-ad72-bfecaa0162e4,7cae335f-1193-421e-92f1-8802b4243e93
7,Apache Commons Codec,1.16.1,Transitive Dependency,Apache License 2.0,PERMISSIVE,NOT_REVIEWED,932a1ab1-4722-4bbd-9f5d-d6cd2aa1c7e7,e1bb79cc-bb3c-42ce-93e4-ad0fabe1a670,7cae335f-1193-421e-92f1-8802b4243e93
8,Apache Commons Compress,1.21,Transitive Dependency,Apache License 2.0,PERMISSIVE,NOT_REVIEWED,a136f90b-95e7-4c88-9e42-70ccd7797b5c,c5724bbd-6e06-46de-a090-fc0f8b4df43f,7cae335f-1193-421e-92f1-8802b4243e93
9,Apache Commons Configuration,1.8,Transitive Dependency,Apache License 2.0,PERMISSIVE,NOT_REVIEWED,5f261329-69c2-449b-9d8d-1956a7e73513,fe87ecc0-ef52-494f-b0f7-0c986630b595,7cae335f-1193-421e-92f1-8802b4243e93
10,Apache Commons IO,2.16.1,Direct Dependency,Apache License 2.0,PERMISSIVE,NOT_REVIEWED,96dc9f7b-73e3-4dc2-b0bb-b6bba56b535d,c06eba12-41d8-4a77-8a45-677f3c40f31f,7cae335f-1193-421e-92f1-8802b4243e93
11,Apache Commons Lang,3.15.0,Direct Dependency,Apache License 2.0,PERMISSIVE,NOT_REVIEWED,9c0920e4-104a-448e-8192-866544b75890,7c3542c8-b487-48a8-a542-cec146339337,7cae335f-1193-421e-92f1-8802b4243e93
12,Apache Commons Logging,1.3.3,Transitive Dependency,Apache License 2.0,PERMISSIVE,NOT_REVIEWED,e2c69634-de94-4eb3-a2c8-67ab59272e53,a5b50b2f-e24e-48db-8715-759d5fe8b107,7cae335f-1193-421e-92f1-8802b4243e93
13,Apache Commons Text,1.12.0,Direct Dependency,Apache License 2.0,PERMISSIVE,NOT_REVIEWED,f2c3b205-3e60-4d6c-a8ac-7d044b30f7c6,9d90193d-a4f8-4a86-9f6c-aa6f4c04d1d8,7cae335f-1193-421e-92f1-8802b4243e93
14,Apache HttpClient,4.5.14,Transitive Dependency,Apache License 2.0,PERMISSIVE,NOT_REVIEWED,f624d758-10d3-449d-96d2-d4fc12499fda,ca8bc151-5d96-468f-9414-b0bed12b207f,7cae335f-1193-421e-92f1-8802b4243e93
15,Apache HttpClient,5.3.1,Direct Dependency,Apache License 2.0,PERMISSIVE,NOT_REVIEWED,f624d758-10d3-449d-96d2-d4fc12499fda,cd72102b-f383-4737-9aee-95c5895af810,7cae335f-1193-421e-92f1-8802b4243e93
16,Apache HttpComponents AsyncClient,4.1.5,Transitive Dependency,Apache License 2.0,PERMISSIVE,NOT_REVIEWED,a718bf9d-062d-4a63-a989-c232825a5d0d,291c815c-36fb-49c4-ac74-4f74ac44c6b2,7cae335f-1193-421e-92f1-8802b4243e93
17,Apache HttpComponents Core HTTP/2,5.2.5,Transitive Dependency,Apache License 2.0,PERMISSIVE,NOT_REVIEWED,cf9a5e22-0bc6-4452-9f34-0a5f449d7a35,f02da407-45cd-4f08-95b0-932755733ae2,7cae335f-1193-421e-92f1-8802b4243e93
18,Apache Kafka,2.8.2,Transitive Dependency,Apache License 2.0,PERMISSIVE,NOT_REVIEWED,05248305-719c-4b7d-a693-0b1a7992b4ec,e3253220-c6d1-412a-9c71-7624ef204df6,7cae335f-1193-421e-92f1-8802b4243e93
19,Apache Kafka,3.7.0,Transitive Dependency,Apache License 2.0,PERMISSIVE,NOT_REVIEWED,05248305-719c-4b7d-a693-0b1a7992b4ec,3eb05e96-2bfe-4f56-8168-8affe1de01aa,7cae335f-1193-421e-92f1-8802b4243e93
20,Apache Log4J API,2.23.1,Transitive Dependency,Apache License 2.0,PERMISSIVE,NOT_REVIEWED,44d8c92a-f682-4904-b571-c83f83ae1a91,05691594-b5ad-4204-94e1-5d44bfaff427,7cae335f-1193-421e-92f1-8802b4243e93
21,Apache Log4j,2.23.1,Transitive Dependency,Apache License 2.0,PERMISSIVE,NOT_REVIEWED,7460c937-f013-4c3a-bdf3-ace04cfd0304,5c977df2-a0e9-4939-8c81-2102d7648517,7cae335f-1193-421e-92f1-8802b4243e93
22,Apache Log4j SLF4J 2.0 Binding,2.23.1,Direct Dependency,Apache License 2.0,PERMISSIVE,NOT_REVIEWED,00fa9741-88cc-40fd-9d6d-69c9581651cd,ed775f6c-d8d6-455d-b344-429493831e03,7cae335f-1193-421e-92f1-8802b4243e93
23,Apache Tomcat,8.5.82,Transitive Dependency,Apache License 2.0,PERMISSIVE,NOT_REVIEWED,5a7e1c49-9a98-4393-b4e0-8011122bbe2f,ff1384b5-1ecd-4684-8060-e34e64abf381,7cae335f-1193-421e-92f1-8802b4243e93
24,AspectJ weaver,1.8.14,Transitive Dependency,Eclipse Public License 1.0,WEAK_RECIPROCAL,NOT_REVIEWED,8b817c86-4432-465b-8e6a-2b2a5d120c8d,fd8d0ed8-812c-4d87-b5bb-804bd7d586a8,d676a5c4-0bd9-4453-8c22-2ece2c2a00d7
25,AssertJ - Fluent Assertions for Java,3.26.3,Direct Dependency,Apache License 2.0,PERMISSIVE,NOT_REVIEWED,82d61fc3-ea89-41aa-8397-2f962c92b9b2,54c68d63-da09-4583-ae97-60a05f0f8920,7cae335f-1193-421e-92f1-8802b4243e93
26,Automaton,1.11-8,Transitive Dependency,"BSD 3-clause ""New"" or ""Revised"" License",PERMISSIVE,NOT_REVIEWED,25a9ee6e-db32-4978-8dee-4237ff526e31,ce9839bc-80af-4e84-91c4-1d920ab25c6f,3d238144-44e6-450e-b523-3defbdaed9dc
27,Avalon Framework,4.1.5,Transitive Dependency,Apache License 1.1,PERMISSIVE,NOT_REVIEWED,1b732dd5-e5dd-4fd4-8491-68c1ec0d2e26,4fe9c459-99f8-46af-9dfd-b5a2151bd1c3,ca953b41-7a6d-4578-8324-72ee88f14424
28,Awaitility,4.1.1,Transitive Dependency,Apache License 2.0,PERMISSIVE,NOT_REVIEWED,70afd8a0-857d-4f00-892a-396312fb6b43,b4f290ec-d0ee-414a-babf-d04d85139857,7cae335f-1193-421e-92f1-8802b4243e93
29,BSON Record Codec,4.8.0-beta0,Transitive Dependency,Apache License 2.0,PERMISSIVE,NOT_REVIEWED,19b32400-77cb-45ca-b4ae-b47c5b88a2cc,7fd7d54f-25be-4381-b2dc-b56cffc1ec93,7cae335f-1193-421e-92f1-8802b4243e93
30,Bouncy Castle,1.70,Transitive Dependency,MIT License,PERMISSIVE,NOT_REVIEWED,907300e1-d66e-45ef-b77d-a790ed30b4e1,fe5bd4dc-8d41-491f-b558-d3ea1aa5dc0c,ad705c59-6893-4980-bdbf-0837f1823cc4
31,"Bouncy Castle PKIX, CMS, EAC, TSP, PKCS, OCSP, CMP, and CRMF APIs",1.70,Transitive Dependency,MIT License,PERMISSIVE,NOT_REVIEWED,cfa19008-29dd-4e1d-b4e3-a7a1ad9855a2,cf473275-3544-445a-bbde-2a1bae671ea4,ad705c59-6893-4980-bdbf-0837f1823cc4
32,Byte Buddy,1.14.18,Transitive Dependency,Apache License 2.0,PERMISSIVE,NOT_REVIEWED,3a880f58-5441-4faf-bad8-01e7648149d4,95c5c2f4-1127-4889-853a-b16b8bb7a429,7cae335f-1193-421e-92f1-8802b4243e93
33,Caffeine cache,2.9.3,Transitive Dependency,Apache License 2.0,PERMISSIVE,NOT_REVIEWED,6019b6da-4c73-4661-9c38-38813e13015a,1798f3ef-12e8-4e1e-b50c-a8426dc76118,7cae335f-1193-421e-92f1-8802b4243e93
34,Checker Qual,3.42.0,Transitive Dependency,MIT License,PERMISSIVE,NOT_REVIEWED,eaa5708e-b763-44f0-8091-2cdf7bac1cd0,9a1eae7b-b267-4f4b-aa68-c309eda4ec04,ad705c59-6893-4980-bdbf-0837f1823cc4
35,Couchbase JVM Core IO,3.7.5,Transitive Dependency,Apache License 2.0,PERMISSIVE,NOT_REVIEWED,72ed568b-e849-4f92-a4d1-df220cb2a423,4362aa44-903d-42f7-9401-4d4d0ddabccc,7cae335f-1193-421e-92f1-8802b4243e93
36,Couchbase Java SDK,3.7.5,Direct Dependency,Apache License 2.0,PERMISSIVE,NOT_REVIEWED,24d30cc9-59fe-47e8-9672-b5b99f76eaec,3ba73892-faa0-4b40-a1d1-1024beae8f1b,7cae335f-1193-421e-92f1-8802b4243e93
37,Disruptor Framework,3.4.4,Transitive Dependency,Apache License 2.0,PERMISSIVE,NOT_REVIEWED,de5501a4-d342-4910-b965-26b32cf18e89,8b5666d7-245d-4dfb-a76b-645c3eecb66f,7cae335f-1193-421e-92f1-8802b4243e93
38,Duct Tape,1.0.8,Transitive Dependency,MIT License,PERMISSIVE,NOT_REVIEWED,4d3efdea-3f63-45c4-9ede-e1f4c8b495e2,e78ce716-b979-4fe7-991b-832a75c584ab,ad705c59-6893-4980-bdbf-0837f1823cc4
39,Eclipse Parsson,1.0.5,Transitive Dependency,(GNU General Public License v2.0 w/Classpath exception OR Eclipse Public License 2.0),"WEAK_RECIPROCAL,RECIPROCAL",NOT_REVIEWED,557b2848-4ee9-4122-a055-02153ef5b67b,25bc4d8c-4cb3-433e-a6c1-4d067e0b2230,"9b7eb3ce-d64b-4e3e-a6b7-55d4dc798e68,8f64c451-7777-4762-903b-605797caef38"
40,Ehcache,2.10.9.2,Transitive Dependency,Apache License 2.0,PERMISSIVE,NOT_REVIEWED,3c0743ab-7759-4f2b-9753-901685218ba0,07f1c241-9b71-4211-8853-199c43403d26,7cae335f-1193-421e-92f1-8802b4243e93
41,Ejecta,v1.1,Exact,Unknown License,UNKNOWN,NOT_REVIEWED,ef8cefe9-5995-4139-ab94-4d27ad02a7bc,1bcea150-8fcf-47cc-8f0e-1fcb4184c543,00000000-0010-0000-0000-000000000000
42,Elasticsearch Java Client,8.14.3,Direct Dependency,Apache License 2.0,PERMISSIVE,NOT_REVIEWED,770aaf14-231d-45e3-b69e-08a6ce8556ca,c90bfeae-7cd6-42a9-a886-dc06ee2a24d7,7cae335f-1193-421e-92f1-8802b4243e93
43,Elasticsearch Kubernetes cloud plugin,5.11.2,Direct Dependency,Apache License 2.0,PERMISSIVE,NOT_REVIEWED,e482e846-fe91-4bae-8fa8-0f01077cfa33,96eebe2a-1b04-4ace-99e5-cccc23dd8d4c,7cae335f-1193-421e-92f1-8802b4243e93
44,Fabric8 :: Kubernetes Model :: API Extensions,5.11.2,Transitive Dependency,Apache License 2.0,PERMISSIVE,NOT_REVIEWED,f6c2331c-9372-4e1b-a05e-42f92e9544f7,413d6899-cf0a-42a1-8ae4-42fa804114d9,7cae335f-1193-421e-92f1-8802b4243e93
45,"Fabric8 :: Kubernetes Model :: Admission Registration, Authentication and Authorization",5.11.2,Transitive Dependency,Apache License 2.0,PERMISSIVE,NOT_REVIEWED,d27f5ecb-daa7-431c-a37c-7cee1d73aa84,a1103191-48c9-484a-abf2-9168ec9e3133,7cae335f-1193-421e-92f1-8802b4243e93
46,Fabric8 :: Kubernetes Model :: Apps,5.11.2,Transitive Dependency,Apache License 2.0,PERMISSIVE,NOT_REVIEWED,45373ed4-58c7-44c7-a888-461ca094ae8a,3ce9d4b6-438b-44c8-b5f3-123cb1bcbf80,7cae335f-1193-421e-92f1-8802b4243e93
47,Fabric8 :: Kubernetes Model :: Autoscaling,5.11.2,Transitive Dependency,Apache License 2.0,PERMISSIVE,NOT_REVIEWED,b9a3d285-8e35-4b2d-8404-f7124d4c2bd3,282163d9-4ad8-4cb8-a899-af611b9a20b0,7cae335f-1193-421e-92f1-8802b4243e93
48,Fabric8 :: Kubernetes Model :: Batch,5.11.2,Transitive Dependency,Apache License 2.0,PERMISSIVE,NOT_REVIEWED,90a05962-cb89-4344-bde9-fbd7a39bde4d,9f13a10b-ad45-4b43-939c-14d5b3d582d6,7cae335f-1193-421e-92f1-8802b4243e93
49,Fabric8 :: Kubernetes Model :: Certificates,5.11.2,Transitive Dependency,Apache License 2.0,PERMISSIVE,NOT_REVIEWED,c4ef4a87-e170-458d-a0ae-777a7da9a1ac,c546d6fb-1a96-4f6b-ae32-a1f8d58fbfd0,7cae335f-1193-421e-92f1-8802b4243e93
50,Fabric8 :: Kubernetes Model :: Common,5.11.2,Transitive Dependency,Apache License 2.0,PERMISSIVE,NOT_REVIEWED,238cde34-fe8f-463f-a43e-17ae618dd82e,b27a0614-6cd7-44b8-b351-5a93f8c0b36a,7cae335f-1193-421e-92f1-8802b4243e93
51,Fabric8 :: Kubernetes Model :: Coordination,5.11.2,Transitive Dependency,Apache License 2.0,PERMISSIVE,NOT_REVIEWED,d0acb47f-5bad-4c97-acd5-a65e3d007642,8cc7d9e1-1850-4fad-ab8b-9f33a0ef0bb0,7cae335f-1193-421e-92f1-8802b4243e93
52,Fabric8 :: Kubernetes Model :: Core,5.11.2,Transitive Dependency,Apache License 2.0,PERMISSIVE,NOT_REVIEWED,55bce2ea-ab6d-43a7-9043-bbdd488c0813,77eb453d-01f9-4935-a805-98c8a422925f,7cae335f-1193-421e-92f1-8802b4243e93
53,Fabric8 :: Kubernetes Model :: Discovery,5.11.2,Transitive Dependency,Apache License 2.0,PERMISSIVE,NOT_REVIEWED,54174b14-2c76-4165-9658-fd94c72da665,098aec35-ab02-4e4a-9c57-7464336cc333,7cae335f-1193-421e-92f1-8802b4243e93
54,Fabric8 :: Kubernetes Model :: Events,5.11.2,Transitive Dependency,Apache License 2.0,PERMISSIVE,NOT_REVIEWED,d6bc628e-d5a9-49e2-b1e5-2508368d4e87,002403d6-1351-4d36-aa78-0b0e9193cc21,7cae335f-1193-421e-92f1-8802b4243e93
55,Fabric8 :: Kubernetes Model :: Extensions,5.11.2,Transitive Dependency,Apache License 2.0,PERMISSIVE,NOT_REVIEWED,df3be1a1-6850-464f-84fe-c9627cccae95,bc83973e-de29-4627-a604-ad53b7905836,7cae335f-1193-421e-92f1-8802b4243e93
56,Fabric8 :: Kubernetes Model :: FlowControl,5.11.2,Transitive Dependency,Apache License 2.0,PERMISSIVE,NOT_REVIEWED,77423ff9-2e74-4b2d-80d2-ebbac8294b2a,99941ce9-ae2a-4ddc-882f-afd620b7e529,7cae335f-1193-421e-92f1-8802b4243e93
57,Fabric8 :: Kubernetes Model :: Metrics,5.11.2,Transitive Dependency,Apache License 2.0,PERMISSIVE,NOT_REVIEWED,afd2e230-adb1-4f93-9e1e-9e31fe6c6572,43900f8a-771e-4b04-9844-6301ce15b282,7cae335f-1193-421e-92f1-8802b4243e93
58,Fabric8 :: Kubernetes Model :: Networking,5.11.2,Transitive Dependency,Apache License 2.0,PERMISSIVE,NOT_REVIEWED,8cd6ab20-17fd-4375-83c1-9d9e5d117df2,f4a654d5-f0d4-4646-b999-1338e8ce3370,7cae335f-1193-421e-92f1-8802b4243e93
59,Fabric8 :: Kubernetes Model :: Node,5.11.2,Transitive Dependency,Apache License 2.0,PERMISSIVE,NOT_REVIEWED,c1824f9d-3700-4ac4-a2e9-aa4a84162e06,5f92a7a8-ebb3-4362-9003-33ce1eda6409,7cae335f-1193-421e-92f1-8802b4243e93
60,Fabric8 :: Kubernetes Model :: Policy,5.11.2,Transitive Dependency,Apache License 2.0,PERMISSIVE,NOT_REVIEWED,2e2f82a0-fceb-49f8-bcd4-4a0629b9f29c,9ec3510b-9467-4fbb-8d0f-ffe5c547e840,7cae335f-1193-421e-92f1-8802b4243e93
61,Fabric8 :: Kubernetes Model :: RBAC,5.11.2,Transitive Dependency,Apache License 2.0,PERMISSIVE,NOT_REVIEWED,5ce22062-0ece-48d0-a7e8-ee4120b6fba3,ccdfe07b-5cc5-4405-9d67-075cc95bae3e,7cae335f-1193-421e-92f1-8802b4243e93
62,Fabric8 :: Kubernetes Model :: Scheduling,5.11.2,Transitive Dependency,Apache License 2.0,PERMISSIVE,NOT_REVIEWED,6acedcf8-5fa6-409d-8299-9ab8c318d821,130a3f60-bbda-473b-b54c-cfb8fb36889b,7cae335f-1193-421e-92f1-8802b4243e93
63,Fabric8 :: Kubernetes Model :: Storage Class,5.11.2,Transitive Dependency,Apache License 2.0,PERMISSIVE,NOT_REVIEWED,1bebaab4-08b8-4267-9237-70e62cef550e,76b82b8c-6b2c-4d9c-9a2b-b45eb0b36c5b,7cae335f-1193-421e-92f1-8802b4243e93
64,FindBugs jsr305,3.0.2,Transitive Dependency,Apache License 2.0,PERMISSIVE,NOT_REVIEWED,1dd30afc-69b6-450f-b52f-f7c757fef842,56ab9f83-8fed-48fd-a1a4-e0450d871a7a,7cae335f-1193-421e-92f1-8802b4243e93
65,Generex,1.0.2,Transitive Dependency,Apache License 2.0,PERMISSIVE,NOT_REVIEWED,37ea4556-bc3b-44ff-a45e-98565912c9cc,b52d9729-6817-468e-88cd-647c7a5e0312,7cae335f-1193-421e-92f1-8802b4243e93
66,Guava InternalFutureFailureAccess and InternalFutures,1.0.2,Transitive Dependency,Apache License 2.0,PERMISSIVE,NOT_REVIEWED,71ba0e56-32eb-4c4e-9cdc-c68e4b809911,34a8d904-337a-44f2-b6cd-a873f320dc14,7cae335f-1193-421e-92f1-8802b4243e93
67,Guava ListenableFuture only,9999.0-empty-to-avoid-conflict-with-guava,Transitive Dependency,Apache License 2.0,PERMISSIVE,NOT_REVIEWED,a6d54d5e-a933-4b78-8880-f20eebf8eb0d,e094ab0f-0e6c-4477-8177-be5d87619087,7cae335f-1193-421e-92f1-8802b4243e93
68,Hamcrest,1.3,Transitive Dependency,"BSD 3-clause ""New"" or ""Revised"" License",PERMISSIVE,NOT_REVIEWED,d4d917a5-bbf5-4806-a480-b7161fb0743a,0c4cc9bf-cfa0-4e04-9686-da84e6a32201,3d238144-44e6-450e-b523-3defbdaed9dc
69,Hamcrest,2.1,Transitive Dependency,"BSD 3-clause ""New"" or ""Revised"" License",PERMISSIVE,NOT_REVIEWED,d4d917a5-bbf5-4806-a480-b7161fb0743a,eb015673-e3a4-4117-930f-203491a1c29c,3d238144-44e6-450e-b523-3defbdaed9dc
70,HdrHistogram,2.1.12,Transitive Dependency,"(BSD 2-clause ""Simplified"" License OR Creative Commons Zero v1.0 Universal OR Public Domain)",PERMISSIVE,NOT_REVIEWED,cb1dd6e6-4d90-4aff-9a45-2b8f6979e7cc,3bc817e9-60e6-449a-b0e4-fc2155157579,"d26bcb7d-5bc8-4f05-8942-a3a42728a2e4,cc875133-df38-4806-9921-473e0ef01a87,a7c69599-62b6-4d06-9ec6-ea688c041c00"
71,Hibernate Commons Annotations,5.1.2.Final,Transitive Dependency,GNU Lesser General Public License v2.1 or later,WEAK_RECIPROCAL,NOT_REVIEWED,390f91c0-2a1d-4209-9792-9fa4365a48e0,f763a1d1-3a07-46fa-b593-d7f1f7c0b1bb,cff110eb-f85c-445c-9d3b-00a04b7f4cf0
72,Hibernate Entity Manager,5.6.12.Final,Transitive Dependency,GNU Lesser General Public License v2.1 or later,WEAK_RECIPROCAL,NOT_REVIEWED,afc10e76-4615-48e3-ac4c-ff964ba40865,dcd68fb3-ce3b-4c30-81db-0a205203db06,cff110eb-f85c-445c-9d3b-00a04b7f4cf0
73,Hibernate ORM,5.6.12,Transitive Dependency,GNU Lesser General Public License v2.1 or later,WEAK_RECIPROCAL,NOT_REVIEWED,cf193b88-f9ec-4af9-85b9-420c4a14b846,40375869-1716-42cd-bc0a-cd34ebff6ba5,cff110eb-f85c-445c-9d3b-00a04b7f4cf0
74,J2ObjC Annotations,3.0.0,Transitive Dependency,Apache License 2.0,PERMISSIVE,NOT_REVIEWED,68f02bba-b8bf-4ff1-8690-2a497ce37818,136f512c-4ce1-4535-806e-f2f9f6c9e0d5,7cae335f-1193-421e-92f1-8802b4243e93
75,JAXB Runtime,2.3.1,Transitive Dependency,(Common Development and Distribution License 1.1 OR Sun GPL With Classpath Exception v2.0),"WEAK_RECIPROCAL,RECIPROCAL",NOT_REVIEWED,a55eb8af-ba71-4b4b-b282-e07d8a3a818f,04fe96c6-949a-43e2-8abd-a822a35c194a,"728e8092-d99e-4a37-90d3-da7abfa33c6d,dd002c7d-e70a-479f-8af4-798e1b2bbd2d"
76,JBoss Logging 3,3.4.3.Final,Transitive Dependency,Apache License 2.0,PERMISSIVE,NOT_REVIEWED,ac1caae3-c931-479b-9023-5c8eb5e576fd,d72afb10-f802-4733-a710-09dd619570e0,7cae335f-1193-421e-92f1-8802b4243e93
77,JCL 1.2 Implemented Over SLF4J,2.0.12,Direct Dependency,Apache License 2.0,PERMISSIVE,NOT_REVIEWED,abc0a614-e914-4c38-8ae2-b95360614f93,10a4c829-0445-4e59-be71-dd9f616c37a5,7cae335f-1193-421e-92f1-8802b4243e93
78,JCTTools,4.0.3,Transitive Dependency,Apache License 2.0,PERMISSIVE,NOT_REVIEWED,ed9663f6-217e-4f90-9aa5-c74a02cc964c,2ed134ea-eb8d-4e5c-a812-578245bdac75,7cae335f-1193-421e-92f1-8802b4243e93
79,JOpt Simple,5.0.4,Direct Dependency,MIT License,PERMISSIVE,NOT_REVIEWED,6c84bebc-ba4c-4638-adde-5b99943d686b,f951ca97-7346-4b66-84f7-0c7be213697e,ad705c59-6893-4980-bdbf-0837f1823cc4
80,JSON-B API,2.0.0,Transitive Dependency,(GNU General Public License v2.0 w/Classpath exception AND Eclipse Public License 2.0),"WEAK_RECIPROCAL,RECIPROCAL",NOT_REVIEWED,c5c37e8a-72c4-4c76-8c2d-64094badf3ce,db0662b7-d1ee-4207-9ef1-7b3d6bd53127,"9b7eb3ce-d64b-4e3e-a6b7-55d4dc798e68,8f64c451-7777-4762-903b-605797caef38"
81,JSR 374 (JSON Processing) Default Provider,2.0.0,Transitive Dependency,(GNU General Public License v2.0 w/Classpath exception OR Eclipse Public License 2.0),"WEAK_RECIPROCAL,RECIPROCAL",NOT_REVIEWED,a1f863b2-f8f9-4df8-84c7-1e79227fb5e9,3be4a75a-33f3-47bf-bf74-4662b2d06375,"9b7eb3ce-d64b-4e3e-a6b7-55d4dc798e68,8f64c451-7777-4762-903b-605797caef38"
82,JUnit,4.13.2,Direct Dependency,Eclipse Public License 1.0,WEAK_RECIPROCAL,NOT_REVIEWED,8a5366e4-bf7d-4158-a1e9-5b3375bd9c69,c90771f4-0fc1-4ca3-9c54-3ee75e5250ce,d676a5c4-0bd9-4453-8c22-2ece2c2a00d7
83,JVM Integration for Metrics,4.2.16,Direct Dependency,Apache License 2.0,PERMISSIVE,NOT_REVIEWED,e8224b31-e5e5-4028-8cf6-5a32e8a9a6f0,b65cfaca-9237-46a3-bed9-e4e06c61543f,7cae335f-1193-421e-92f1-8802b4243e93
84,Jackson Integration for Metrics,4.2.16,Direct Dependency,Apache License 2.0,PERMISSIVE,NOT_REVIEWED,c2af2e8c-2aab-4669-97d2-9e19d6bd27da,39b580c0-25cd-487a-80b8-809c557aff95,7cae335f-1193-421e-92f1-8802b4243e93
85,Jackson-datatype-jdk8,2.10.5,Transitive Dependency,Apache License 2.0,PERMISSIVE,NOT_REVIEWED,93477a6b-05b7-4f6f-a576-818aba23378f,9eeb6230-3058-403d-8dbf-fcec985aa54e,7cae335f-1193-421e-92f1-8802b4243e93
86,Jackson-module-parameter-names,2.12.1,Transitive Dependency,Apache License 2.0,PERMISSIVE,NOT_REVIEWED,d70e298c-686c-4c33-8605-e8c55124ffe2,a16ea3e8-8d1e-49b5-ab96-fab941cf0104,7cae335f-1193-421e-92f1-8802b4243e93
87,Jakarta Activation,1.1,Transitive Dependency,Common Development and Distribution License 1.0,WEAK_RECIPROCAL,NOT_REVIEWED,ae579c25-08da-4cb5-91e6-44beb6997979,0a096b33-9188-41a9-bcab-e3f4aff4aef5,0179ff68-705a-450b-89eb-c3581199c2e7
88,Jakarta Activation API,1.2.0,Transitive Dependency,Common Development and Distribution License 1.1,WEAK_RECIPROCAL,NOT_REVIEWED,fcc6905e-b4c4-4e41-ae1e-0ed870ba706b,09445a98-ffda-44ad-a78e-693fd944e360,dd002c7d-e70a-479f-8af4-798e1b2bbd2d
89,Jakarta Annotations API,1.3.5,Transitive Dependency,(GNU General Public License v2.0 w/Classpath exception OR Eclipse Public License 2.0),"WEAK_RECIPROCAL,RECIPROCAL",NOT_REVIEWED,4aaf6ea9-170f-4bd1-aba9-54febcb0544e,9b279da0-d8ef-4b03-af41-b63306f4e21f,"9b7eb3ce-d64b-4e3e-a6b7-55d4dc798e68,8f64c451-7777-4762-903b-605797caef38"
90,Jakarta JSON Processing API,2.0.1,Transitive Dependency,(GNU General Public License v2.0 w/Classpath exception OR Eclipse Public License 2.0),"WEAK_RECIPROCAL,RECIPROCAL",NOT_REVIEWED,6b5ca41f-dc7b-4c9f-9689-250179bb8eaa,94a53312-adcb-4f9f-a0c1-781633621932,"9b7eb3ce-d64b-4e3e-a6b7-55d4dc798e68,8f64c451-7777-4762-903b-605797caef38"
91,Jakarta Mail,1.4,Transitive Dependency,Common Development and Distribution License 1.0,WEAK_RECIPROCAL,NOT_REVIEWED,13874193-3405-46d0-aae8-9ca487bc4f24,5d01f34a-e326-4b0c-bb8a-95362a25e7da,0179ff68-705a-450b-89eb-c3581199c2e7
92,Jakarta Mail,1.6.2,Transitive Dependency,(GNU General Public License v2.0 w/Classpath exception OR Common Development and Distribution License 1.1),"WEAK_RECIPROCAL,RECIPROCAL",NOT_REVIEWED,13874193-3405-46d0-aae8-9ca487bc4f24,fab4a971-c1e9-47e9-9f05-f2c589f1a4bb,"dd002c7d-e70a-479f-8af4-798e1b2bbd2d,9b7eb3ce-d64b-4e3e-a6b7-55d4dc798e68"
93,Janino,3.0.6,Transitive Dependency,Janino License,PERMISSIVE,NOT_REVIEWED,a45426d6-b624-4b3b-bdc5-e336aa3abb28,072abb40-d35e-46fb-8296-72f37f387ceb,357cd7e3-1f8d-4947-af23-d072ebfbd4fe
94,Java Annotation Indexer,2.4.2.Final,Transitive Dependency,Apache License 2.0,PERMISSIVE,NOT_REVIEWED,efa30f38-bb5f-4069-b680-81eba0819c86,4264756c-0cb0-47a6-a79a-5cc491a293b7,7cae335f-1193-421e-92f1-8802b4243e93
95,Java Native Access (JNA),5.13.0,Transitive Dependency,(GNU Lesser General Public License v2.1 or later OR Apache License 2.0),"PERMISSIVE,WEAK_RECIPROCAL",NOT_REVIEWED,7e64c5f7-ceb0-4a7c-85e7-d9c840b5ee6e,bc2face3-5a88-42c6-95e0-79936a1c025f,"7cae335f-1193-421e-92f1-8802b4243e93,cff110eb-f85c-445c-9d3b-00a04b7f4cf0"
96,Java Servlet API,4.0.1,Transitive Dependency,(GNU General Public License v2.0 w/Classpath exception OR Common Development and Distribution License 1.1),"WEAK_RECIPROCAL,RECIPROCAL",NOT_REVIEWED,0f16a1e4-f3c0-454a-b8ef-7f13db52c0e3,0d57b6dc-22c2-4869-a971-9e1c11b15a33,"dd002c7d-e70a-479f-8af4-798e1b2bbd2d,9b7eb3ce-d64b-4e3e-a6b7-55d4dc798e68"
97,Java Servlet API,5.0.0,Transitive Dependency,(GNU General Public License v2.0 w/Classpath exception OR Eclipse Public License 2.0),"WEAK_RECIPROCAL,RECIPROCAL",NOT_REVIEWED,0f16a1e4-f3c0-454a-b8ef-7f13db52c0e3,055506c2-ecfe-4cd1-bbf3-88af9c5248d9,"9b7eb3ce-d64b-4e3e-a6b7-55d4dc798e68,8f64c451-7777-4762-903b-605797caef38"
98,Jersey,2.37,Transitive Dependency,(GNU General Public License v2.0 w/Classpath exception OR Eclipse Public License 2.0),"WEAK_RECIPROCAL,RECIPROCAL",NOT_REVIEWED,29b05335-a571-422b-b2f5-85a5e9748540,154b687b-6080-4a8e-8a88-eee23a94beef,"9b7eb3ce-d64b-4e3e-a6b7-55d4dc798e68,8f64c451-7777-4762-903b-605797caef38"
99,Jetbrains annotations,13.0,Transitive Dependency,Apache License 2.0,PERMISSIVE,NOT_REVIEWED,22950adc-2441-4363-8255-c660e82eff79,1a801cdc-2824-4610-a435-892093bc79a9,7cae335f-1193-421e-92f1-8802b4243e93
100,"Jetty: Java based HTTP/1.x, HTTP/2, Servlet, WebSocket Server",9.4.49.v20220914,Transitive Dependency,(Apache License 2.0 AND Eclipse Public License 1.0),"PERMISSIVE,WEAK_RECIPROCAL",NOT_REVIEWED,d8221aaa-7d55-4b5a-b3e0-2b5cba26ce60,ef6d5f7b-7272-4c86-ad7b-1048c19dc60c,"7cae335f-1193-421e-92f1-8802b4243e93,d676a5c4-0bd9-4453-8c22-2ece2c2a00d7"
101,Kotlin,1.4.20,Transitive Dependency,Apache License 2.0,PERMISSIVE,NOT_REVIEWED,ecbf67e0-977b-40dd-830d-42c44c595a57,19e78e7f-2570-434b-855b-24cacc2af412,7cae335f-1193-421e-92f1-8802b4243e93
102,LatencyUtils,2.0.3,Transitive Dependency,"(BSD 2-clause ""Simplified"" License OR Creative Commons Zero v1.0 Universal)",PERMISSIVE,NOT_REVIEWED,874c05c9-ed80-4f4b-a936-f00eb05b72e6,e93456bb-8d51-4be1-a5c0-57af8aaa218c,"cc875133-df38-4806-9921-473e0ef01a87,a7c69599-62b6-4d06-9ec6-ea688c041c00"
103,Log4J Compatibility API,2.23.1,Transitive Dependency,Apache License 2.0,PERMISSIVE,NOT_REVIEWED,27abed2e-e4d1-4088-90e7-299dff16a4a1,cee495f0-8432-45cf-9dcc-8122d9be5ef4,7cae335f-1193-421e-92f1-8802b4243e93
104,Logback,1.2.11,Transitive Dependency,(GNU Lesser General Public License v2.1 only OR Eclipse Public License 1.0),WEAK_RECIPROCAL,NOT_REVIEWED,6ca9663c-41d4-44c0-8d1e-b1b12745bdc5,a8345ca4-0da9-4d06-b0b9-09ee3ce3d679,"d676a5c4-0bd9-4453-8c22-2ece2c2a00d7,fecf595c-3184-47f4-92f9-1a32ab46a8f1"
105,Metrics Core,4.2.28,Transitive Dependency,Apache License 2.0,PERMISSIVE,NOT_REVIEWED,c55ce524-78b7-48ed-b071-7c6c7c085bae,107478b7-2084-41bd-a22b-2937af1ea210,7cae335f-1193-421e-92f1-8802b4243e93
106,Metrics Health Checks,4.2.28,Transitive Dependency,Apache License 2.0,PERMISSIVE,NOT_REVIEWED,05ce8733-8420-42ed-971f-2244d3f1dbfa,5badce1b-6b79-40de-ba61-cddc573a6fc1,7cae335f-1193-421e-92f1-8802b4243e93
107,Mongo Java Driver,4.8.0-beta0,Transitive Dependency,Apache License 2.0,PERMISSIVE,NOT_REVIEWED,4a8c1722-b210-4636-8af0-64e13f9c58ae,5d49b4d0-cfae-4c57-9d14-b57ba68188bf,7cae335f-1193-421e-92f1-8802b4243e93
108,MongoCrypt,1.6.0-alpha0,Transitive Dependency,Apache License 2.0,PERMISSIVE,NOT_REVIEWED,7bd0091e-26a9-4d98-9a5f-0a189b9a036f,4f3b5ff9-957a-4754-afc7-b6ffdcf5a55d,7cae335f-1193-421e-92f1-8802b4243e93
109,Netty Project,,Transitive Dependency,Apache License 2.0,PERMISSIVE,NOT_REVIEWED,efd56af9-62c0-430b-84e7-f45fedd08060,,7cae335f-1193-421e-92f1-8802b4243e93
110,OSGi resource locator bundle,1.0.3,Transitive Dependency,(GNU General Public License v2.0 w/Classpath exception OR Eclipse Public License 2.0),"WEAK_RECIPROCAL,RECIPROCAL",NOT_REVIEWED,40813940-c9c7-43ab-907f-d04552ff746a,b0c39c24-3306-4513-9d6b-d52c0448aa6b,"9b7eb3ce-d64b-4e3e-a6b7-55d4dc798e68,8f64c451-7777-4762-903b-605797caef38"
111,OkHttp,3.12.12,Transitive Dependency,Apache License 2.0,PERMISSIVE,NOT_REVIEWED,2b921d88-c1ab-4304-bf45-7110c1ca49f7,b4b14329-ba95-4a95-85c6-9991626d541e,7cae335f-1193-421e-92f1-8802b4243e93
112,OkHttp (Bill of Materials),4.12.0,Direct Dependency,Apache License 2.0,PERMISSIVE,NOT_REVIEWED,d9dc6895-c9e0-42b1-87eb-ba4005c791d4,edcdb137-d412-46b7-bdfe-f63e9da4293e,7cae335f-1193-421e-92f1-8802b4243e93
113,OkHttp Logging Interceptor,3.12.12,Transitive Dependency,Apache License 2.0,PERMISSIVE,NOT_REVIEWED,f7620dba-8b4e-4c7a-b449-97978df95ce4,e032cf9e-4fc6-4b0b-a37d-8d04058d131e,7cae335f-1193-421e-92f1-8802b4243e93
114,OpenSearch Java Client,2.12.0,Direct Dependency,Apache License 2.0,PERMISSIVE,NOT_REVIEWED,088b86a8-2022-43bd-9835-81801ba83cb3,befbb13b-491b-4aea-9f72-e6e0af91ad3e,7cae335f-1193-421e-92f1-8802b4243e93
115,OpenSearch Testcontainers integration,2.0.1,Direct Dependency,Apache License 2.0,PERMISSIVE,NOT_REVIEWED,fcf23e54-fd84-4693-8e54-f77b7847cc46,df17d4f3-b5d7-4e30-9250-c9509e739134,7cae335f-1193-421e-92f1-8802b4243e93
116,OpenTelemetry Java,1.29.0,Transitive Dependency,Apache License 2.0,PERMISSIVE,NOT_REVIEWED,05ed4529-aa07-4519-b97d-607759bacad5,e7421676-c0df-448d-89be-09431dec2e55,7cae335f-1193-421e-92f1-8802b4243e93
117,PathJson,2.9.0,Direct Dependency,Apache License 2.0,PERMISSIVE,NOT_REVIEWED,cc44a437-708c-4ae8-88a6-50a6ca42d60c,a391251f-e288-4245-a1ec-e1e78c34cc8c,7cae335f-1193-421e-92f1-8802b4243e93
118,Project Lombok,1.18.22,Transitive Dependency,MIT License,PERMISSIVE,NOT_REVIEWED,bfc51954-60f4-454c-b9e5-32f551fa5506,b07c333b-d352-44e8-9346-089a5142d72c,ad705c59-6893-4980-bdbf-0837f1823cc4
119,RocksDB JNI,5.18.4,Transitive Dependency,(Apache License 2.0 OR GNU General Public License v2.0 only),"PERMISSIVE,RECIPROCAL",NOT_REVIEWED,32dfcedd-443e-4113-ad95-16266f6a099d,7c4c7d07-8e0b-4cda-8c46-70ce32cc0fc7,"7cae335f-1193-421e-92f1-8802b4243e93,0289ba34-8fe7-41db-82e0-49c28b9c2414"
120,RxJava,1.2.0,Transitive Dependency,Apache License 2.0,PERMISSIVE,NOT_REVIEWED,f2517b4c-e3e1-4983-8dd7-f192a71ce282,a4df831c-9bcf-4c82-b7d7-3524f598f4fd,7cae335f-1193-421e-92f1-8802b4243e93
121,SLF4J API Module,2.0.9,Transitive Dependency,MIT License,PERMISSIVE,NOT_REVIEWED,ca782761-ef54-4eb6-b7f0-b9fbb15a0698,3c3946bb-840d-4af7-8ec3-074bbb90aa4a,ad705c59-6893-4980-bdbf-0837f1823cc4
122,SnakeYAML,2.3,Transitive Dependency,Apache License 2.0,PERMISSIVE,NOT_REVIEWED,7d5b8a95-2ae3-4f89-9b3b-d47c44f9d187,f3721acc-da52-4de5-99be-7e0b6d7212a6,7cae335f-1193-421e-92f1-8802b4243e93
123,Sundrio :: Adapters :: API,0.50.1,Transitive Dependency,Apache License 2.0,PERMISSIVE,NOT_REVIEWED,e74ad727-386b-4b3c-bb6e-c8f31aec3b7a,a0663c0f-1a98-4d25-bd64-9db4d1953cff,7cae335f-1193-421e-92f1-8802b4243e93
124,Sundrio :: Adapters :: APT,0.50.1,Transitive Dependency,Apache License 2.0,PERMISSIVE,NOT_REVIEWED,3a8244e8-48ca-4d86-ac59-1d0838b7196c,1ac4596d-458f-4e0e-b26b-ab086553909c,7cae335f-1193-421e-92f1-8802b4243e93
125,Sundrio :: Adapters :: Reflect,0.50.1,Transitive Dependency,Apache License 2.0,PERMISSIVE,NOT_REVIEWED,deb78935-906f-4a2d-a8a6-4a9918a9d16e,1c2bdf51-7e66-44d5-9924-edcad27f3f97,7cae335f-1193-421e-92f1-8802b4243e93
126,Sundrio :: Annotations :: Builder,0.50.1,Transitive Dependency,Apache License 2.0,PERMISSIVE,NOT_REVIEWED,c703c76d-5731-4fca-ba2c-70228dee956a,209b45c6-25ae-4cff-9bcf-b457fe365e38,7cae335f-1193-421e-92f1-8802b4243e93
127,Sundrio :: Annotations :: Resourcecify,0.50.1,Transitive Dependency,Apache License 2.0,PERMISSIVE,NOT_REVIEWED,1063475f-8637-492a-9118-8fd0513a6c1a,440d6229-7a21-4971-97b6-72f2b559a002,7cae335f-1193-421e-92f1-8802b4243e93
128,Sundrio :: Annotations :: Transform,0.50.1,Transitive Dependency,Apache License 2.0,PERMISSIVE,NOT_REVIEWED,4f1dd3a1-348d-4716-9983-a59ad21193c3,eb9b29bf-6361-413d-a71f-15b3e06e3155,7cae335f-1193-421e-92f1-8802b4243e93
129,Sundrio :: Code generation :: API,0.50.1,Transitive Dependency,Apache License 2.0,PERMISSIVE,NOT_REVIEWED,ccd15160-d018-42d3-9d5a-0bebda2cc662,390a2fa9-4890-4d3c-95d2-705a83ed8a82,7cae335f-1193-421e-92f1-8802b4243e93
130,Sundrio :: Code generation :: Annotation Processing,0.50.1,Transitive Dependency,Apache License 2.0,PERMISSIVE,NOT_REVIEWED,84ff42eb-b977-479b-9054-0ed368d6e77b,b8050878-8285-4111-b607-8bb777d8ce1d,7cae335f-1193-421e-92f1-8802b4243e93
131,Sundrio :: Code generation :: Template,0.50.1,Transitive Dependency,Apache License 2.0,PERMISSIVE,NOT_REVIEWED,217e10a8-3671-4797-9bf0-ec7679372a66,0950149d-8789-4e08-a557-9ce6d74f09ad,7cae335f-1193-421e-92f1-8802b4243e93
132,Sundrio :: Code generation :: Velocity :: No deps - Uberjar,0.50.1,Transitive Dependency,Apache License 2.0,PERMISSIVE,NOT_REVIEWED,82e904a6-b8c3-421a-bb61-ec57dec39c73,59802edf-88ec-41df-99c1-39d80882a807,7cae335f-1193-421e-92f1-8802b4243e93
133,Sundrio :: Model :: Model (Base and Builder),0.50.1,Transitive Dependency,Apache License 2.0,PERMISSIVE,NOT_REVIEWED,0d77daa5-fad9-49fb-904f-95c6a919b7c9,7d2e803a-387f-45b5-ab76-076f1a827f9d,7cae335f-1193-421e-92f1-8802b4243e93
134,Sundrio :: Model :: Utils,0.50.1,Transitive Dependency,Apache License 2.0,PERMISSIVE,NOT_REVIEWED,65cb8454-8412-45d3-8ace-f11b2b191eb8,ec35de57-e586-46b2-a3c3-f959fe0a11c4,7cae335f-1193-421e-92f1-8802b4243e93
135,TestContainers Core,1.19.2,Transitive Dependency,MIT License,PERMISSIVE,NOT_REVIEWED,e2de68b0-9b07-492c-8a91-f68286344a14,53bae0f1-e8f3-4f7f-b751-ec71d2bc2f0b,ad705c59-6893-4980-bdbf-0837f1823cc4
136,Testcontainers :: BOM,1.20.0,Direct Dependency,MIT License,PERMISSIVE,NOT_REVIEWED,5f91deee-5489-40da-bdc3-ae3844cad74d,ce94fb77-5838-4f19-8de0-7b8994a8b843,ad705c59-6893-4980-bdbf-0837f1823cc4
137,Woodstox,7.0.0,Transitive Dependency,Apache License 2.0,PERMISSIVE,NOT_REVIEWED,58c08ffd-a3c5-425b-91d5-1d93f40db5a7,f451cc24-6740-43dc-874e-ef06f9462241,7cae335f-1193-421e-92f1-8802b4243e93
138,XZ for Java,1.9,Transitive Dependency,Public Domain,PERMISSIVE,NOT_REVIEWED,d884581a-e30d-4524-8f4c-c428b137a578,82852a0a-e111-4cd7-976b-3deb587e3678,d26bcb7d-5bc8-4f05-8942-a3a42728a2e4
139,antlr,2.7.7,Transitive Dependency,ANTLR Software Rights Notice,PERMISSIVE,NOT_REVIEWED,971a67a0-b0c7-4626-8078-a78a934956a7,d925d00c-aea8-40b1-89fe-052ed778ba7c,61aeeb42-688c-4713-804d-4669f66b3fbd
140,antlr,4.7.1,Transitive Dependency,"BSD 3-clause ""New"" or ""Revised"" License",PERMISSIVE,NOT_REVIEWED,971a67a0-b0c7-4626-8078-a78a934956a7,100b26ea-9bcb-41c1-a1e0-63f466a52ec7,3d238144-44e6-450e-b523-3defbdaed9dc
141,archaius-core,0.4.1,Transitive Dependency,Apache License 2.0,PERMISSIVE,NOT_REVIEWED,7561682b-661d-4ed8-ad0f-fb902903260a,0275f5d6-73d0-4332-9273-9b6b0bd21c88,7cae335f-1193-421e-92f1-8802b4243e93
142,beanvalidation-api,2.0.1,Transitive Dependency,Apache License 2.0,PERMISSIVE,NOT_REVIEWED,7cd5265c-4925-4b4c-a539-fbc89713c9cb,8efcb1c2-f8c2-452d-8523-7bc30ee0f1d1,7cae335f-1193-421e-92f1-8802b4243e93
143,beanvalidation-api,2.0.2,Transitive Dependency,Apache License 2.0,PERMISSIVE,NOT_REVIEWED,7cd5265c-4925-4b4c-a539-fbc89713c9cb,9d9f0744-6beb-4360-8189-d0baf0730ec2,7cae335f-1193-421e-92f1-8802b4243e93
144,blockhound,1.0.10.RELEASE,Transitive Dependency,Apache License 2.0,PERMISSIVE,NOT_REVIEWED,29d89522-6257-407f-93ba-7a18ec3eb7f8,9f31950e-cff4-4301-9f86-03079bc2c991,7cae335f-1193-421e-92f1-8802b4243e93
145,co.elastic.logging:log4j2-ecs-layout,1.6.0,Direct Dependency,Apache License 2.0,PERMISSIVE,NOT_REVIEWED,d4280bdb-32a6-41eb-a3f2-2cace13b4e76,9bcdd32d-7934-482e-af19-d91cbc226a14,7cae335f-1193-421e-92f1-8802b4243e93
146,com.conversantmedia:disruptor,1.2.15,Transitive Dependency,Apache License 2.0,PERMISSIVE,NOT_REVIEWED,d2f52fef-c2e7-4a4c-b234-b06506613d22,659a8e2d-a64c-4d34-9d32-e1f677e2ac51,7cae335f-1193-421e-92f1-8802b4243e93
147,com.github.therapi:therapi-json-rpc,0.5.0,Direct Dependency,Apache License 2.0,PERMISSIVE,NOT_REVIEWED,8b1e6262-acd1-46ab-9e20-729d3186728a,22080dd2-8ad6-4005-8866-e97ef5b26ccc,7cae335f-1193-421e-92f1-8802b4243e93
148,com.github.therapi:therapi-runtime-javadoc,0.12.0,Transitive Dependency,Apache License 2.0,PERMISSIVE,NOT_REVIEWED,6c6b2b55-2f4c-482e-be71-89c245bfb3fa,72add395-0807-4837-a816-2640a5e57b9b,7cae335f-1193-421e-92f1-8802b4243e93
149,commons-csv,1.10.0,Transitive Dependency,Apache License 2.0,PERMISSIVE,NOT_REVIEWED,4597ae78-7af5-4bed-b688-0eabc0f3b969,275390ec-9fb5-4471-99a1-91eb69f01e18,7cae335f-1193-421e-92f1-8802b4243e93
150,docker-java-api,3.3.4,Transitive Dependency,Apache License 2.0,PERMISSIVE,NOT_REVIEWED,69741071-6250-4e08-82a6-3cd9ed822181,4f310991-8c41-42ce-8cf1-51d6d38bf808,7cae335f-1193-421e-92f1-8802b4243e93
151,docker-java-transport,3.3.4,Transitive Dependency,Apache License 2.0,PERMISSIVE,NOT_REVIEWED,14a6890e-30af-43bf-843a-d387d4b611d9,24339b7a-4a15-425b-b06a-9db7bc987710,7cae335f-1193-421e-92f1-8802b4243e93
152,docker-java-transport-zerodep,3.3.4,Transitive Dependency,Apache License 2.0,PERMISSIVE,NOT_REVIEWED,e3a8ad03-17fc-46a1-943d-bdc64c05ab1b,fb3d4d92-21e9-45f3-9880-3e4abd9d30f1,7cae335f-1193-421e-92f1-8802b4243e93
153,ecs-logging-core,1.6.0,Transitive Dependency,Apache License 2.0,PERMISSIVE,NOT_REVIEWED,7f589236-4e93-4ee7-83ff-f76f6e350404,4c0d3e53-27e7-40ba-a505-ec55239e0d30,7cae335f-1193-421e-92f1-8802b4243e93
154,elasticsearch-rest-client,8.14.3,Transitive Dependency,Apache License 2.0,PERMISSIVE,NOT_REVIEWED,cd59e9db-3e4c-47e7-ba77-a0bdb37beab4,b5a82590-fa12-493e-92e2-e93d28a0745b,7cae335f-1193-421e-92f1-8802b4243e93
155,elasticsearch-transport-couchbase,4.4.9,Exact,Apache License 2.0,PERMISSIVE,NOT_REVIEWED,f0951756-4629-46f0-9a54-6aa798704f2c,c1852ea5-d636-44e4-9917-30dac510c866,7cae335f-1193-421e-92f1-8802b4243e93
156,error-prone annotations,2.26.1,Transitive Dependency,Apache License 2.0,PERMISSIVE,NOT_REVIEWED,40efa0ac-10f0-46c5-a8a8-6f627b3fd59c,25b14305-6b16-44d7-b24a-6a01a807629c,7cae335f-1193-421e-92f1-8802b4243e93
157,eu.neilalexander:jnacl,1.0.0,Transitive Dependency,"BSD 2-clause ""Simplified"" License",PERMISSIVE,NOT_REVIEWED,b88df8fa-2758-4f6b-9f18-fb375a5132e3,c4350280-5ef8-4e8d-b35a-760125d6f6bb,cc875133-df38-4806-9921-473e0ef01a87
158,google-guava,33.2.1-jre,Direct Dependency,Apache License 2.0,PERMISSIVE,NOT_REVIEWED,2f0a32a0-f5c6-45d7-858c-b8a5d922633d,fc42fe4e-f77f-463f-a16b-d5911cabd5f8,7cae335f-1193-421e-92f1-8802b4243e93
159,grpc-java,1.49.2,Transitive Dependency,Apache License 2.0,PERMISSIVE,NOT_REVIEWED,5dab2ab0-845f-4be6-889e-f9af5c5f7de9,cb879a2c-3419-44ed-ac18-6b33981e83f8,7cae335f-1193-421e-92f1-8802b4243e93
160,hazelcast,5.2-BETA-1,Transitive Dependency,Apache License 2.0,PERMISSIVE,NOT_REVIEWED,dad1a0ba-a070-42b3-b715-35fa2fe8781e,9c9533f7-f7e4-4965-8c4e-37fee3387b3a,7cae335f-1193-421e-92f1-8802b4243e93
161,httpcomponents-core,4.4.16,Transitive Dependency,Apache License 2.0,PERMISSIVE,NOT_REVIEWED,ca433569-ea2e-4c78-b53d-106843ec1f58,f4c8d49f-84fc-4ffb-958b-a154a94e307b,7cae335f-1193-421e-92f1-8802b4243e93
162,httpcomponents-core,5.2.5,Transitive Dependency,Apache License 2.0,PERMISSIVE,NOT_REVIEWED,ca433569-ea2e-4c78-b53d-106843ec1f58,c219b3bb-29d7-451e-a43f-982c1020d120,7cae335f-1193-421e-92f1-8802b4243e93
163,hystrix-core,1.5.12,Transitive Dependency,Apache License 2.0,PERMISSIVE,NOT_REVIEWED,d62357cd-8d1a-4c78-b11f-1e4823a08c5f,6ddd8d6b-84cd-4431-8468-70bc5c2140f8,7cae335f-1193-421e-92f1-8802b4243e93
164,io.grpc:grpc-context,1.49.2,Transitive Dependency,Apache License 2.0,PERMISSIVE,NOT_REVIEWED,f2ab73b5-26ac-46a1-b92d-9be2ff333fe9,53eed3af-5584-41dd-bbed-43909875c425,7cae335f-1193-421e-92f1-8802b4243e93
165,jOOQ,3.14.16,Transitive Dependency,(Apache License 2.0 OR Basic Proprietary Commercial License),"PERMISSIVE,RESTRICTED_PROPRIETARY",NOT_REVIEWED,2137086d-d872-463a-a9ce-578c31a1ed82,4f3ff4b3-b0a0-4875-a9e7-5ed1dc615ac0,"3eca8fb9-fca4-4b49-b4bd-189ba8efd691,7cae335f-1193-421e-92f1-8802b4243e93"
166,jackson-annotations,2.12.1,Transitive Dependency,Apache License 2.0,PERMISSIVE,NOT_REVIEWED,d5b90213-52f8-4429-b3c7-ed582af929d2,dbe26f0e-f200-4c35-a40c-71bf48027865,7cae335f-1193-421e-92f1-8802b4243e93
167,jackson-bom,2.17.2,Direct Dependency,Apache License 2.0,PERMISSIVE,NOT_REVIEWED,d925b114-0c84-4e85-b7a3-d9fa6fc7e847,5609a6f0-c943-4f90-a13d-21235a230cf7,7cae335f-1193-421e-92f1-8802b4243e93
168,jackson-core,2.17.0,Transitive Dependency,Apache License 2.0,PERMISSIVE,NOT_REVIEWED,4c08d575-40e5-4778-acd6-b76230f3a895,53ffeae6-8220-4f03-bd40-3acc2f875e60,7cae335f-1193-421e-92f1-8802b4243e93
169,jackson-databind,2.18.1,Transitive Dependency,Apache License 2.0,PERMISSIVE,NOT_REVIEWED,ce7ad18a-6e02-4565-a51c-4fc2c5bc7c47,eddf60e2-9f48-473a-a5ad-c0656f655922,7cae335f-1193-421e-92f1-8802b4243e93
170,jackson-dataformat-xml,2.18.1,Transitive Dependency,Apache License 2.0,PERMISSIVE,NOT_REVIEWED,cf1cb7a7-c423-49fe-8089-d6be5f6f68c9,10e33956-f60f-41aa-be73-47b2991ac579,7cae335f-1193-421e-92f1-8802b4243e93
171,jackson-module-jsonSchema,2.12.1.redhat-00002,Transitive Dependency,Apache License 2.0,PERMISSIVE,NOT_REVIEWED,fdaade80-d187-47a2-9c58-34f135b64aaf,6902d480-be78-4bb6-821a-e72564930efb,7cae335f-1193-421e-92f1-8802b4243e93
172,jakartaee/rest,2.1.6,Transitive Dependency,Eclipse Public License 2.0,WEAK_RECIPROCAL,NOT_REVIEWED,7a65fa3f-2d7b-49d2-9878-c3b299bc7df5,352174ca-96a4-46a1-a97d-a134eddd6a47,8f64c451-7777-4762-903b-605797caef38
173,jansi,2.4.1,Transitive Dependency,Apache License 2.0,PERMISSIVE,NOT_REVIEWED,812a83a9-1826-4984-98d5-1a9a9abd70fd,58833c83-9ed9-4cc2-af45-64124270ef69,7cae335f-1193-421e-92f1-8802b4243e93
174,java-classmate,1.5.1,Transitive Dependency,Apache License 2.0,PERMISSIVE,NOT_REVIEWED,e2e973aa-2393-4da8-aad1-f77fd482b83c,0d6a7765-6da2-4147-b7aa-159f2380e6c1,7cae335f-1193-421e-92f1-8802b4243e93
175,javax.inject:1 as OSGi bundle,2.6.1,Transitive Dependency,(GNU General Public License v2.0 w/Classpath exception OR Eclipse Public License 2.0),"WEAK_RECIPROCAL,RECIPROCAL",NOT_REVIEWED,45b77d80-8f0c-4e4f-bc13-7ddd079d6503,df37bb85-f78c-4bc7-a60f-78a4ff1b6588,"9b7eb3ce-d64b-4e3e-a6b7-55d4dc798e68,8f64c451-7777-4762-903b-605797caef38"
176,javax.inject:javax.inject,1,Transitive Dependency,Apache License 2.0,PERMISSIVE,NOT_REVIEWED,f743f101-3e10-4140-b6e7-242b002cbb63,68cebfc7-0dab-4dc1-bce5-6f0b490d9b48,7cae335f-1193-421e-92f1-8802b4243e93
177,javax.persistence-api,2.2,Transitive Dependency,(Eclipse Distribution License - v 1.0 AND Eclipse Public License 1.0),"PERMISSIVE,WEAK_RECIPROCAL",NOT_REVIEWED,6cdf4916-7a19-4d3c-a011-c1118a639e69,ef3b5251-e763-4639-8d14-efb2dc9682c8,"f6eccc87-62ff-4ffd-9fa7-763d1a436125,d676a5c4-0bd9-4453-8c22-2ece2c2a00d7"
178,javax.ws.rs-api,2.1.1,Transitive Dependency,(GNU General Public License v2.0 w/Classpath exception OR Eclipse Public License 2.0),"WEAK_RECIPROCAL,RECIPROCAL",NOT_REVIEWED,2217233e-0085-4095-acdb-93fa79ec272b,8aa39002-8b74-454c-983d-d972d9477e00,"9b7eb3ce-d64b-4e3e-a6b7-55d4dc798e68,8f64c451-7777-4762-903b-605797caef38"
179,jaxb-api,2.3.1,Transitive Dependency,(GNU General Public License v2.0 w/Classpath exception OR Common Development and Distribution License 1.1),"WEAK_RECIPROCAL,RECIPROCAL",NOT_REVIEWED,fa7d4a55-2da8-48f2-88d0-bbb12055d53d,a8e6d9bd-cc8c-408a-8bb3-5c01477af048,"dd002c7d-e70a-479f-8af4-798e1b2bbd2d,9b7eb3ce-d64b-4e3e-a6b7-55d4dc798e68"
180,jboss-transaction-api_1.2_spec,1.1.1.Final,Transitive Dependency,(GNU General Public License v2.0 w/Classpath exception OR Common Development and Distribution License 1.1),"WEAK_RECIPROCAL,RECIPROCAL",NOT_REVIEWED,c34e6cd0-ebaa-495c-ae31-574b54554d11,f68af5b4-a6b4-4877-8205-63caac5b6820,"dd002c7d-e70a-479f-8af4-798e1b2bbd2d,9b7eb3ce-d64b-4e3e-a6b7-55d4dc798e68"
181,jeromq,0.6.0,Transitive Dependency,Mozilla Public License 2.0,WEAK_RECIPROCAL,NOT_REVIEWED,4561c662-a10a-4dff-bed1-fece7c69304a,44f0a6ba-6809-4d97-ba12-fb3b2a070b55,ce3dd63e-c569-4cea-986a-46bc5efe9896
182,jersey-core-server,2.37,Transitive Dependency,"(GNU General Public License v2.0 w/Classpath exception AND Apache License 2.0 AND BSD 3-clause ""New"" or ""Revised"" License AND Eclipse Public License 2.0)","PERMISSIVE,WEAK_RECIPROCAL,RECIPROCAL",NOT_REVIEWED,a7e3d1f8-dbb6-480d-82c4-7a8f347f8ecb,6e7e4614-9e5c-4f22-b9c3-e377db7b599b,"3d238144-44e6-450e-b523-3defbdaed9dc,9b7eb3ce-d64b-4e3e-a6b7-55d4dc798e68,7cae335f-1193-421e-92f1-8802b4243e93,8f64c451-7777-4762-903b-605797caef38"
183,jnr-unixsocket,0.38.17,Transitive Dependency,Apache License 2.0,PERMISSIVE,NOT_REVIEWED,1c1be291-754b-4614-978f-49c80c9507c5,6cd01fe3-2feb-458f-a2a7-36dbd9cf2fb4,7cae335f-1193-421e-92f1-8802b4243e93
184,json-smart,2.5.0,Transitive Dependency,Apache License 2.0,PERMISSIVE,NOT_REVIEWED,ae37e408-4fec-4624-9a19-d16a0f56bd11,a611e74f-0c6b-43a8-8aff-b43f16732b9d,7cae335f-1193-421e-92f1-8802b4243e93
185,jsr107,1.1.1,Transitive Dependency,Apache License 2.0,PERMISSIVE,NOT_REVIEWED,d47e8fda-608a-4e92-9ac7-12486c83a3c0,9d57438c-1071-40a6-a3a6-0990033e1021,7cae335f-1193-421e-92f1-8802b4243e93
186,kotlin-reflect,1.7.10,Transitive Dependency,Apache License 2.0,PERMISSIVE,NOT_REVIEWED,bbe44ca0-89f6-498a-b307-20a6061a3724,9472d7fd-7e68-41ce-ae9d-9419c463a83b,7cae335f-1193-421e-92f1-8802b4243e93
187,kotlin-stdlib-common,1.4.20,Transitive Dependency,Apache License 2.0,PERMISSIVE,NOT_REVIEWED,16459ffd-c8db-4bc7-8c93-df0da1a9808f,cd3bcba5-4ba9-4bf6-bc27-877108a7e1be,7cae335f-1193-421e-92f1-8802b4243e93
188,kotlinx-coroutines-core,1.6.4,Transitive Dependency,Apache License 2.0,PERMISSIVE,NOT_REVIEWED,a73a0472-e497-4877-b847-ad42d42d5ba3,ad3b3f60-e528-466d-bab7-e62063509e89,7cae335f-1193-421e-92f1-8802b4243e93
189,logkit,2.0,Transitive Dependency,Apache License 2.0,PERMISSIVE,NOT_REVIEWED,b8609c74-f6cd-4030-ac5e-9f27565d80f9,1a3b3924-b4de-4fc8-bce9-f132514286a7,7cae335f-1193-421e-92f1-8802b4243e93
190,lz4java,1.8.0,Transitive Dependency,Apache License 2.0,PERMISSIVE,NOT_REVIEWED,dbcb5534-4689-4242-b513-284030f9e4aa,37a888ee-c411-4cd0-be68-97471f7e9ce2,7cae335f-1193-421e-92f1-8802b4243e93
191,micrometer-bom,1.10.5,Direct Dependency,Apache License 2.0,PERMISSIVE,NOT_REVIEWED,eb310908-68a4-4471-acc2-7e12e6ef9d7c,4cfecf57-1285-4f28-b9c2-7e3f13302f34,7cae335f-1193-421e-92f1-8802b4243e93
192,micrometer-commons,1.10.5,Transitive Dependency,Apache License 2.0,PERMISSIVE,NOT_REVIEWED,dd510f30-26b9-4beb-9765-2a155d887110,6bb365ca-fe6c-4ebe-8fed-1a83be5f9d96,7cae335f-1193-421e-92f1-8802b4243e93
193,micrometer-metrics/micrometer,1.10.5,Transitive Dependency,Apache License 2.0,PERMISSIVE,NOT_REVIEWED,692feaee-8a6e-454b-bee7-670413a9287c,4b5f0acc-df7d-4fd4-bf68-1d9b4ddd03df,7cae335f-1193-421e-92f1-8802b4243e93
194,micrometer-observation,1.10.5,Transitive Dependency,Apache License 2.0,PERMISSIVE,NOT_REVIEWED,374ba4be-9c02-47e4-84f7-46301506ef7a,b12d946f-7c1d-4f06-8e1b-1b123bcd35a5,7cae335f-1193-421e-92f1-8802b4243e93
195,org.brotli:dec,0.1.2,Transitive Dependency,MIT License,PERMISSIVE,NOT_REVIEWED,1804db97-b114-4f6d-96a4-8d09688e3dfe,3748d556-cef2-494b-865c-9dd84a64eca5,ad705c59-6893-4980-bdbf-0837f1823cc4
196,org.conscrypt:conscrypt-openjdk-uber,2.5.2,Transitive Dependency,Apache License 2.0,PERMISSIVE,NOT_REVIEWED,950651bc-983a-4f3a-aab4-32e3ab47533b,cbb548c8-69c6-4e9f-881c-a99d5f371f1d,7cae335f-1193-421e-92f1-8802b4243e93
197,org.eclipse.yasson,2.0.2,Transitive Dependency,(Eclipse Distribution License - v 1.0 AND Eclipse Public License 2.0),"PERMISSIVE,WEAK_RECIPROCAL",NOT_REVIEWED,e09d088b-ac3d-48a1-97e0-9e7a1df36543,f7824283-4689-4de0-bff2-7612cf9bdb0c,"f6eccc87-62ff-4ffd-9fa7-763d1a436125,8f64c451-7777-4762-903b-605797caef38"
198,org.immutables.value,2.10.1,Direct Dependency,Apache License 2.0,PERMISSIVE,NOT_REVIEWED,7c247e28-25f6-44fb-9d35-f64ba359a263,d75fceeb-6add-49d9-a4b8-aa42a3161025,7cae335f-1193-421e-92f1-8802b4243e93
199,org.jetbrains.kotlin:kotlin-stdlib-jdk7,1.4.20,Transitive Dependency,Apache License 2.0,PERMISSIVE,NOT_REVIEWED,3e4fc317-4982-4a0a-a98a-1d5e937b05ac,03e62588-7a44-4a72-99c6-19e725d5c196,7cae335f-1193-421e-92f1-8802b4243e93
200,org.jetbrains.kotlin:kotlin-stdlib-jdk8,1.4.20,Transitive Dependency,Apache License 2.0,PERMISSIVE,NOT_REVIEWED,01443f31-8c0a-40a2-8fbf-213c8e786ca6,0a9dcb82-ab4a-49e5-803c-5f89ff4dc38d,7cae335f-1193-421e-92f1-8802b4243e93
201,picocli - a mighty tiny Command Line Interface,4.7.1,Direct Dependency,Apache License 2.0,PERMISSIVE,NOT_REVIEWED,0326e78d-39cc-45a4-a078-b9439fb3f604,557c7958-439b-4672-bb10-d2bcf2378bb0,7cae335f-1193-421e-92f1-8802b4243e93
202,reactive-streams,1.0.4,Transitive Dependency,MIT No Attribution,PERMISSIVE,NOT_REVIEWED,f00e23b5-eb1d-4939-93bb-4cbf7dedffb0,07e06202-b19b-4688-aa7c-275395b70a19,3f2f93af-991e-4604-b57c-a2fef0f8781e
203,reactor-core,3.6.9,Transitive Dependency,Apache License 2.0,PERMISSIVE,NOT_REVIEWED,57acb49f-c5f5-4081-adbb-90099c4307d7,95cc981c-4f06-407a-8d30-0c4650894332,7cae335f-1193-421e-92f1-8802b4243e93
204,rest,2.15.0,Direct Dependency,Apache License 2.0,PERMISSIVE,NOT_REVIEWED,cb032925-576c-4131-a3ae-c00121065277,00175428-1a80-4777-bfc8-33589422b6c3,7cae335f-1193-421e-92f1-8802b4243e93
205,snappy-java,1.1.10.5,Transitive Dependency,Apache License 2.0,PERMISSIVE,NOT_REVIEWED,2a30e2d4-f015-41ea-a99d-cc9bf22ef435,4f228d23-ae6b-48c8-90bd-bf6de0a5fcdc,7cae335f-1193-421e-92f1-8802b4243e93
206,squareokio,1.15.0,Transitive Dependency,Apache License 2.0,PERMISSIVE,NOT_REVIEWED,92a62dae-28ba-467b-a999-60e889d11a58,847a79cf-1dc9-4e4b-8118-83bf525baee5,7cae335f-1193-421e-92f1-8802b4243e93
207,stax2-api,4.2.2,Transitive Dependency,"BSD 2-clause ""Simplified"" License",PERMISSIVE,NOT_REVIEWED,aff94cc6-8686-4a15-88ec-fa74a623c384,62ff06ef-4bc9-40a0-ba1a-10f37c599eba,cc875133-df38-4806-9921-473e0ef01a87
208,tuweni-toml,2.0.0,Direct Dependency,Apache License 2.0,PERMISSIVE,NOT_REVIEWED,858fc3ea-a9c4-4c06-933e-b3b6cb31efa6,c500b9b4-56bd-4816-a8d1-3e5eb28bad7c,7cae335f-1193-421e-92f1-8802b4243e93
209,zjsonpatch,0.3.0,Transitive Dependency,Apache License 2.0,PERMISSIVE,NOT_REVIEWED,ad4ec6b7-a2e7-4154-8f18-fd5464117f67,3ab023c6-8b88-41fc-9b10-593f0a03e17d,7cae335f-1193-421e-92f1-8802b4243e93
210,zstd-jni,1.5.0-2,Transitive Dependency,"BSD 2-clause ""Simplified"" License",PERMISSIVE,NOT_REVIEWED,c519291b-7070-4246-83c4-19b1eabeb343,d4c03c42-2e53-4af1-88de-b49f05dc40d4,cc875133-df38-4806-9921-473e0ef01a87
